Chi2                      =      47.8649
NDf                       =           12
p0                        =      1872.64   +/-   100.991
p1                        =    -0.689091   +/-   0.0552137
p2                        =  9.85509e-05   +/-   9.87784e-06
p3                        = -4.95799e-09   +/-   5.79038e-10